MES;VAZAO
1;12,49
2;8,52
3;38,17
4;37,38
5;39,70
6;69,97
7;45,39
8;17,48
9;14,39
10;15,67
11;16,72
12;4,25
13;7,08
14;31,18
15;22,98
16;30,81
17;108,20
18;34,49
19;11,52
20;26,86
21;14,67
22;15,47
23;20,03
24;16,95
25;15,80
26;22,05
27;21,62
28;23,19
29;20,50
30;19,81
31;8,49
32;5,89
33;10,90
34;10,72
35;16,52
36;19,49
37;20,59
38;28,25
39;70,76
40;28,52
41;50,15
42;61,39
43;13,43
44;35,42
45;16,93
46;13,93
47;13,69
48;10,73
49;13,73
50;12,10
51;31,97
52;28,11
53;30,84
54;11,47
55;26,48
56;12,15
57;11,75
58;9,21
59;11,21
60;12,74
61;11,33
62;16,32
63;17,89
64;18,02
65;9,26
66;26,71
67;13,72
68;3,70
69;7,62
70;8,48
71;11,01
72;7,46
73;8,42
74;12,77
75;17,26
76;23,54
77;37,29
78;49,87
79;13,43
80;11,58
81;8,32
82;7,89
83;10,34
84;10,41
85;7,54
86;8,09
87;67,56
88;20,33
89;20,53
90;15,95
91;4,91
92;5,94
93;17,98
94;6,66
95;7,95
96;8,35
97;6,23
98;10,96
99;29,17
100;18,03
101;22,54
102;29,25
103;16,17
104;16,71
105;10,46
106;10,13
107;9,35
108;8,50
109;7,91
110;10,06
111;22,74
112;20,92
113;30,70
114;18,54
115;32,93
116;10,04
117;25,66
118;8,13
119;10,63
120;11,16
121;10,17
122;7,79
123;31,97
124;16,15
125;16,16
126;12,49
127;8,21
128;5,69
129;2,49
130;4,26
131;6,81
132;7,03
133;5,71
134;7,26
135;17,89
136;16,96
137;16,96
138;124,45
139;12,63
140;19,02
141;6,52
142;6,86
143;8,05
144;8,96
145;11,94
146;28,74
147;33,30
148;33,47
149;21,48
150;24,38
151;13,27
152;5,63
153;17,90
154;14,37
155;13,29
156;11,64
157;9,01
158;12,61
159;40,46
160;25,28
161;33,16
162;57,82
163;32,14
164;15,95
165;20,24
166;12,11
167;12,05
168;10,15
169;11,80
170;31,23
171;16,75
172;18,60
173;14,90
174;52,98
175;21,24
176;8,97
177;6,96
178;7,54
179;10,43
180;9,28
181;11,01
182;15,69
183;23,12
184;44,12
185;127,00
186;319,98
187;54,37
188;29,85
189;20,30
190;13,52
191;13,60
192;11,47
193;15,27
194;29,08
195;72,12
196;31,77
197;41,37
198;127,06
199;75,46
200;19,64
201;12,22
202;12,55
203;12,47
204;11,08
205;12,43
206;31,74
207;32,54
208;21,82
209;24,99
210;30,84
211;14,84
212;8,97
213;13,19
214;29,48
215;35,42
216;22,99
217;16,35
218;23,66
219;33,50
220;53,63
221;33,92
222;218,49
223;56,41
224;14,63
225;10,87
226;10,57
227;16,25
228;15,39
229;14,36
230;42,79
231;79,17
232;23,59
233;18,38
234;25,44
235;23,79
236;49,33
237;21,56
238;13,06
239;14,95
240;13,11
241;15,70
242;14,32
243;198,19
244;142,43
245;66,46
246;80,48
247;32,93
248;18,51
249;24,79
250;16,70
251;15,70
252;12,34
253;10,89
254;15,36
255;93,62
256;49,92
257;48,70
258;65,41
259;94,01
260;85,77
261;26,28
262;35,23
263;21,78
264;17,29
265;16,10
266;22,76
267;151,41
268;95,85
269;124,00
270;117,37
271;100,47
272;134,65
273;76,60
274;66,46
275;41,06
276;29,73
277;31,54
278;94,83
279;119,24
280;106,44
281;91,72
282;50,46
283;35,79
284;31,91
285;20,24
286;16,42
287;16,61
288;18,77
289;19,25
290;29,85
291;67,05
292;52,73
293;102,99
294;68,67
295;21,12
296;16,45
297;10,44
298;10,78
299;15,27
300;15,92
301;12,97
302;31,69
303;34,86
304;30,84
305;44,26
306;95,00
307;18,32
308;13,55
309;11,90
310;15,41
311;15,54
312;14,65
313;12,53
314;12,00
315;30,70
316;23,12
317;14,43
318;26,58
319;21,99
320;5,58
321;5,01
322;8,48
323;8,86
324;6,87
325;8,04
326;8,99
327;21,65
328;18,15
329;17,30
330;18,86
331;14,34
332;7,08
333;4,25
334;5,24
335;8,39
336;7,82
337;7,28
338;9,44
339;17,83
340;19,72
341;29,65
342;69,91
343;54,59
344;10,24
345;16,62
346;14,40
347;17,00
348;16,98
349;11,47
350;35,93
351;53,69
352;66,26
353;25,75
354;17,30
355;52,36
356;79,20
357;14,48
358;11,17
359;12,48
360;11,22
361;10,00
362;11,20
363;32,11
364;39,53
365;85,69
366;60,85
367;27,25
368;42,45
369;12,72
370;14,52
371;16,96
372;18,45
373;13,13
374;16,20
375;58,08
376;260,20
377;147,11
378;176,75
379;54,48
380;33,53
381;25,53
382;18,08
383;18,86
384;17,58
385;16,96
386;24,42
387;59,21
388;34,40
389;33,92
390;55,25
391;21,13
392;19,18
393;14,24
394;19,20
395;19,99
396;16,57
397;14,23
398;27,17
399;214,92
400;82,83
401;71,33
402;186,72
403;56,10
404;29,68
405;22,40
406;18,98
407;19,30
408;15,20
409;13,12
410;21,58
411;44,40
412;25,66
413;25,03
414;49,95
415;21,88
416;14,22
417;15,72
418;13,69
419;13,80
420;10,68
421;13,93
422;18,56
423;25,03
424;33,47
425;53,94
426;87,53
427;29,93
428;20,80
429;23,02
430;13,58
431;13,91
432;11,18
433;14,21
434;36,73
435;78,49
436;59,78
437;93,98
438;69,04
439;30,07
440;14,82
441;59,21
442;53,80
443;26,34
444;24,23
445;17,37
446;83,28
447;47,20
448;36,76
449;27,18
450;48,62
451;28,83
452;29,65
453;18,68
454;16,27
455;15,93
456;15,53
457;14,02
458;16,44
459;24,17
460;20,58
461;16,47
462;326,49
463;37,94
464;18,41
465;13,20
466;13,82
467;15,93
468;13,61
469;11,07
470;16,20
471;20,25
472;22,02
473;18,88
474;21,96
475;12,44
476;12,89
477;10,65
478;21,16
479;16,75
480;12,09
481;13,05
482;14,10
483;95,71
484;86,25
485;31,60
486;69,86
487;41,29
488;17,70
489;18,42
490;16,63
491;19,41
492;12,85
493;14,11
494;34,18
495;29,85
496;46,38
497;28,35
498;30,10
499;9,72
500;8,72
501;10,38
502;15,73
503;16,16
504;13,52
505;10,07
506;182,33
507;116,58
508;37,94
509;42,98
510;97,35
511;51,42
512;14,55
513;9,60
514;13,73
515;18,78
516;16,49
517;12,37
518;26,35
519;30,16
520;22,92
521;85,80
522;25,13
523;52,53
524;35,34
525;21,20
526;16,15
527;24,89
528;18,69
529;46,72
530;58,02
531;125,13
532;79,71
533;57,48
534;64,53
535;25,41
536;12,97
537;15,47
538;33,81
539;27,51
540;22,50
541;41,17
542;46,38
543;34,80
544;32,20
545;74,78
546;41,54
547;10,42
548;12,61
549;9,45
550;10,50
551;13,98
552;12,47
553;13,12
554;12,83
555;35,28
556;52,27
557;25,37
558;63,71
559;25,07
560;10,85
561;7,94
562;8,31
563;11,46
564;14,52
565;11,96
566;36,02
567;35,14
568;28,24
569;32,93
570;14,67
571;5,85
572;3,31
573;4,30
574;6,86
575;7,86
576;7,14
577;5,10
578;12,52
579;24,00
580;29,76
581;53,21
582;40,72
583;20,18
584;16,25
585;17,89
586;13,93
587;21,77
588;14,67
589;10,18
590;10,23
591;170,44
592;76,09
593;45,00
594;32,73
595;13,89
596;12,63
597;8,80
598;8,74
599;8,40
600;11,26
601;7,77
602;7,74
603;121,54
604;48,34
605;57,82
606;29,96
607;15,79
608;24,74
609;12,96
610;12,93
611;28,83
612;28,23
613;17,38
614;24,18
615;50,63
616;58,67
617;37,21
618;44,66
619;9,13
620;6,57
621;6,47
622;8,07
623;9,84
624;9,24
625;11,04
626;15,67
627;13,85
628;14,49
629;13,05
630;18,99
631;15,53
632;15,16
633;7,61
634;9,31
635;11,25
636;14,52
637;9,02
638;76,46
639;51,11
640;24,09
641;72,32
642;97,49
643;56,89
644;45,39
645;25,06
646;69,26
647;51,28
648;39,96
649;26,73
650;104,38
651;137,11
652;157,24
653;128,56
654;143,99
655;62,95
656;24,56
657;17,27
658;25,45
659;31,23
660;23,85
661;23,34
662;90,08
663;131,53
664;295,91
665;211,53
666;338,39
667;61,08
668;27,93
669;21,59
670;36,64
671;39,25
672;41,91
673;35,71
674;32,73
675;57,71
676;106,47
677;94,30
678;50,40
679;29,48
680;20,78
681;28,15
682;30,87
683;25,23
684;19,37
685;25,79
686;43,55
687;130,29
688;102,48
689;81,21
690;102,39
691;75,38
692;32,62
693;68,61
694;78,72
695;61,05
696;45,65
697;33,44
698;43,07
699;203,12
700;169,45
701;85,43
702;52,27
703;41,09
704;29,56
705;32,65
706;23,37
707;28,77
708;31,43
709;25,36
710;49,24
711;50,94
712;40,61
713;52,67
714;24,86
715;20,53
716;7,66
717;14,81
718;15,12
719;17,08
720;17,68
721;25,70
722;24,78
723;53,12
724;24,58
725;17,37
726;16,03
727;12,97
728;7,08
729;40,41
730;12,56
731;12,57
732;10,29
733;14,34
734;17,71
735;23,56
736;18,19
737;24,59
738;151,78
739;32,96
740;18,49
741;12,73
742;12,62
743;15,57
744;12,08
745;12,50
746;48,03
747;27,03
748;38,57
749;60,71
750;142,83
751;24,33
752;11,33
753;9,11
754;10,70
755;17,41
756;24,62
757;27,61
758;24,04
759;47,52
760;35,99
761;51,03
762;57,91
763;55,98
764;58,56
765;62,78
766;59,98
767;46,72
768;34,49
769;24,23
770;48,82
771;228,86
772;135,67
773;112,22
774;117,68
775;324,79
776;97,69
777;75,72
778;55,53
779;46,75
780;51,06
781;26,70
782;51,14
783;112,50
784;61,48
785;51,71
786;65,07
787;120,21
788;36,44
789;41,91
790;35,34
791;33,44
792;40,97
793;41,40
794;59,24
795;82,66
796;152,06
797;214,22
798;173,16
799;38,11
800;50,57
801;35,79
802;57,20
803;55,61
804;43,01
805;35,17
806;63,83
807;49,30
808;59,01
809;107,21
810;152,34
811;53,92
812;133,91
813;43,35
814;34,80
815;42,16
816;27,06
817;31,21
818;110,63
819;77,53
820;83,53
821;73,82
822;99,48
823;49,75
824;20,39
825;37,72
826;31,18
827;34,72
828;33,73
829;29,96
830;40,97
831;55,93
832;126,18
833;90,59
834;163,50
835;132,38
836;72,97
837;33,27
838;43,35
839;79,06
840;49,16
841;46,35
842;62,04
843;70,42
844;144,64
845;129,52
846;195,61
847;102,54
848;89,79
849;29,17
850;26,82
851;32,17
852;36,02
853;34,57
854;41,88
855;39,05
856;38,43
857;36,90
858;58,25
859;90,47
860;19,29
861;12,25
862;16,10
863;26,63
864;19,67
865;22,25
866;20,63
867;92,31
868;126,46
869;140,39
870;74,28
871;66,74
872;33,27
873;34,52
874;31,71
875;39,81
876;40,41
877;34,77
878;40,07
879;44,23
880;39,56
881;53,94
882;56,18
883;18,08
884;14,16
885;14,53
886;17,03
887;18,82
888;18,53
889;16,78
890;25,67
891;31,91
892;34,63
893;87,64
894;47,86
895;31,83
896;12,90
897;15,08
898;14,63
899;17,69
900;20,54
901;22,08
902;46,10
903;52,73
904;36,90
905;84,24
906;62,95
907;53,55
908;20,09
909;14,86
910;16,35
911;22,57
912;24,85
913;22,74
914;44,49
915;30,41
916;70,85
917;75,35
918;126,58
919;31,40
920;16,30
921;12,65
922;17,05
923;19,24
924;22,71
925;25,35
926;24,17
927;28,68
928;75,55
929;34,89
930;26,88
931;10,75
932;9,76
933;24,06
934;16,56
935;18,46
936;22,32
937;26,68
938;45,99
939;98,74
940;129,44
941;121,62
942;97,89
943;26,77
944;86,93
945;37,89
946;106,61
947;61,05
948;47,66
949;39,25
950;41,23
951;96,67
952;92,14
953;152,63
954;167,15
955;61,93
956;27,18
957;24,43
958;62,89
959;62,13
960;41,29
961;50,01
962;99,99
963;70,91
964;75,63
965;51,85
966;88,75
967;46,78
968;40,07
969;35,14
970;54,06
971;70,11
972;30,24
973;22,01
974;27,59
975;194,08
976;86,37
977;67,96
978;557,28
979;117,85
980;108,82
981;53,18
982;42,76
983;45,31
984;34,38
985;34,35
986;72,89
987;66,77
988;100,47
989;120,04
990;167,64
991;110,52
992;51,37
993;30,04
994;30,61
995;33,39
996;38,88
997;33,78
998;43,41
999;49,81
1000;49,55
1001;64,17
1002;37,80
1003;14,09
1004;5,24
1005;4,98
1006;9,74
1007;15,13
1008;16,23
1009;13,45
1010;18,17
1011;29,19
1012;38,71
1013;48,54
1014;58,11
1015;21,89
1016;21,54
1017;13,03
1018;29,59
1019;30,87
1020;23,10
1021;15,45
1022;15,96
1023;35,74
1024;38,45
1025;40,92
1026;168,12
1027;98,91
1028;50,63
1029;59,83
1030;40,58
1031;30,92
1032;35,91
1033;43,10
1034;33,78
1035;36,87
1036;51,08
1037;66,26
1038;104,74
1039;57,23
1040;40,46
1041;56,75
1042;41,99
1043;51,68
1044;78,07
1045;52,90
1046;107,63
1047;101,26
1048;144,10
1049;231,04
1050;154,67
1051;84,70
1052;53,58
1053;89,99
1054;51,03
1055;48,31
1056;46,92
